-0.10473279755 0.33777222659 0.0
-0.0199704791203 0.309977349878 0.0
0.0170417686456 0.297494746608 0.0
0.0465263087806 0.287426658356 0.0
0.0722620560384 0.278566062317 0.0
0.0957039438838 0.270449832765 0.0
0.11759479905 0.262842502219 0.0
0.138374572073 0.255605329234 0.0
0.158329522316 0.248648612208 0.0
0.177658572376 0.241910499226 0.0
0.196506908647 0.235346267778 0.0
0.214984642594 0.228922376567 0.0
0.23317792147 0.222612927555 0.0
0.251155913752 0.216397443992 0.0
0.268975398073 0.210259412448 0.0
0.286683889026 0.204185290993 0.0
0.304321832164 0.19816381376 0.0
0.32192418599 0.192185490587 0.0
0.339521588101 0.186242238942 0.0
0.357141231936 0.180327107852 0.0
0.374807537588 0.174434067292 0.0
0.392542673162 0.168557845078 0.0
0.41036696577 0.16269379882 0.0
0.42829922977 0.156837814191 0.0
0.446357032061 0.150986223209 0.0
0.464556908933 0.145135737942 0.0
0.482914545195 0.139283396235 0.0
0.501444923641 0.133426516914 0.0
0.520162450973 0.127562662524 0.0
0.539081064912 0.121689608117 0.0
0.55821432613 0.115805314944 0.0
0.577575497896 0.109907908135 0.0
0.597177615709 0.103995657663 0.0
0.61703354872 0.0980669620273 0.0
0.637156054436 0.0921203341844 0.0
0.657557827867 0.0861543893811 0.0
0.678251546118 0.0801678345702 0.0
0.699249909211 0.0741594591753 0.0
0.720565677821 0.0681281269976 0.0
0.742211708477 0.0620727690997 0.0
0.764200986718 0.0559923775268 0.0
0.786546658589 0.0498859997479 0.0
0.809262060848 0.0437527337203 0.0
0.832360750177 0.0375917234949 0.0
0.855856531659 0.0314021552909 0.0
0.879763486765 0.0251832539818 0.0
0.904096001065 0.0189342799418 0.0
0.928868791848 0.0126545262071 0.0
0.954096935828 0.00634331591679 0.0
0.979795897113 0.0 0.0
